-3.0 	 1.0 	 -9999.98888
-3.0 	 1.2 	 -9999.87618
-3.0 	 1.4 	 -9999.06714
-3.0 	 1.6 	 -9996.75864
-3.0 	 1.8 	 -9992.14392
-3.0 	 2.0 	 -9981.89174
-3.0 	 2.2 	 -9964.75192
-3.0 	 2.4 	 -9940.01132
-3.0 	 2.6 	 -9901.92892
-3.0 	 2.8 	 -9852.23108
-3.0 	 3.0 	 -9790.69214
-3.0 	 3.2 	 -9716.27394
-3.0 	 3.4 	 -9632.31738
-3.0 	 3.6 	 -9515.61978
-3.0 	 3.8 	 -9396.79918
-3.0 	 4.0 	 -9264.4001
-3.0 	 4.2 	 -9114.86906
-3.0 	 4.4 	 -8961.5127
-3.0 	 4.6 	 -8781.26688
-3.0 	 4.8 	 -8613.02458
-3.0 	 5.0 	 -8420.10938
-3.0 	 5.2 	 -8231.97194
-3.0 	 5.4 	 -8013.9443
-3.0 	 5.6 	 -7824.65954
-3.0 	 5.8 	 -7620.74062
-3.0 	 6.0 	 -7413.97432
-2.8 	 1.0 	 -9999.9666
-2.8 	 1.2 	 -9999.49258
-2.8 	 1.4 	 -9998.8915
-2.8 	 1.6 	 -9995.77504
-2.8 	 1.8 	 -9989.60836
-2.8 	 2.0 	 -9977.76096
-2.8 	 2.2 	 -9956.65134
-2.8 	 2.4 	 -9927.28812
-2.8 	 2.6 	 -9884.21206
-2.8 	 2.8 	 -9829.62434
-2.8 	 3.0 	 -9761.26814
-2.8 	 3.2 	 -9673.36956
-2.8 	 3.4 	 -9569.85154
-2.8 	 3.6 	 -9451.34954
-2.8 	 3.8 	 -9323.08834
-2.8 	 4.0 	 -9168.05266
-2.8 	 4.2 	 -8995.12504
-2.8 	 4.4 	 -8841.19056
-2.8 	 4.6 	 -8645.19148
-2.8 	 4.8 	 -8445.27076
-2.8 	 5.0 	 -8243.89536
-2.8 	 5.2 	 -8030.2662
-2.8 	 5.4 	 -7820.17246
-2.8 	 5.6 	 -7604.64648
-2.8 	 5.8 	 -7400.3931
-2.8 	 6.0 	 -7179.34502
-2.6 	 1.0 	 -9999.95006
-2.6 	 1.2 	 -9999.6944
-2.6 	 1.4 	 -9998.70134
-2.6 	 1.6 	 -9994.64052
-2.6 	 1.8 	 -9987.1356
-2.6 	 2.0 	 -9971.56056
-2.6 	 2.2 	 -9948.02174
-2.6 	 2.4 	 -9914.32062
-2.6 	 2.6 	 -9863.41686
-2.6 	 2.8 	 -9799.79172
-2.6 	 3.0 	 -9714.82486
-2.6 	 3.2 	 -9625.24412
-2.6 	 3.4 	 -9501.91138
-2.6 	 3.6 	 -9378.06306
-2.6 	 3.8 	 -9224.9436
-2.6 	 4.0 	 -9060.2471
-2.6 	 4.2 	 -8871.01012
-2.6 	 4.4 	 -8688.13576
-2.6 	 4.6 	 -8485.38486
-2.6 	 4.8 	 -8269.4584
-2.6 	 5.0 	 -8046.5608
-2.6 	 5.2 	 -7824.7979
-2.6 	 5.4 	 -7610.2718
-2.6 	 5.6 	 -7370.91212
-2.6 	 5.8 	 -7129.29388
-2.6 	 6.0 	 -6929.08686
-2.4 	 1.0 	 -9999.95676
-2.4 	 1.2 	 -9999.60298
-2.4 	 1.4 	 -9997.95226
-2.4 	 1.6 	 -9993.73596
-2.4 	 1.8 	 -9982.76016
-2.4 	 2.0 	 -9964.49962
-2.4 	 2.2 	 -9937.70812
-2.4 	 2.4 	 -9896.43618
-2.4 	 2.6 	 -9841.17056
-2.4 	 2.8 	 -9768.42524
-2.4 	 3.0 	 -9669.41824
-2.4 	 3.2 	 -9560.89752
-2.4 	 3.4 	 -9423.60714
-2.4 	 3.6 	 -9273.54028
-2.4 	 3.8 	 -9105.3692
-2.4 	 4.0 	 -8934.94918
-2.4 	 4.2 	 -8720.61942
-2.4 	 4.4 	 -8517.52822
-2.4 	 4.6 	 -8287.23402
-2.4 	 4.8 	 -8053.47076
-2.4 	 5.0 	 -7829.17772
-2.4 	 5.2 	 -7589.12466
-2.4 	 5.4 	 -7343.68568
-2.4 	 5.6 	 -7077.88158
-2.4 	 5.8 	 -6883.839
-2.4 	 6.0 	 -6653.94886
-2.2 	 1.0 	 -9999.99284
-2.2 	 1.2 	 -9999.3809
-2.2 	 1.4 	 -9997.17876
-2.2 	 1.6 	 -9991.2028
-2.2 	 1.8 	 -9978.98328
-2.2 	 2.0 	 -9956.45484
-2.2 	 2.2 	 -9921.24948
-2.2 	 2.4 	 -9873.72572
-2.2 	 2.6 	 -9810.51046
-2.2 	 2.8 	 -9725.82678
-2.2 	 3.0 	 -9615.10398
-2.2 	 3.2 	 -9483.04256
-2.2 	 3.4 	 -9339.77
-2.2 	 3.6 	 -9169.93046
-2.2 	 3.8 	 -8983.01874
-2.2 	 4.0 	 -8768.80228
-2.2 	 4.2 	 -8552.53662
-2.2 	 4.4 	 -8310.78774
-2.2 	 4.6 	 -8065.5742
-2.2 	 4.8 	 -7837.55318
-2.2 	 5.0 	 -7562.61698
-2.2 	 5.2 	 -7297.75722
-2.2 	 5.4 	 -7064.14978
-2.2 	 5.6 	 -6796.89128
-2.2 	 5.8 	 -6529.87088
-2.2 	 6.0 	 -6318.94626
-2.0 	 1.0 	 -9999.8622
-2.0 	 1.2 	 -9999.16322
-2.0 	 1.4 	 -9996.28412
-2.0 	 1.6 	 -9987.8658
-2.0 	 1.8 	 -9973.15742
-2.0 	 2.0 	 -9948.31836
-2.0 	 2.2 	 -9907.27326
-2.0 	 2.4 	 -9848.9394
-2.0 	 2.6 	 -9770.11658
-2.0 	 2.8 	 -9670.48566
-2.0 	 3.0 	 -9545.55366
-2.0 	 3.2 	 -9400.06938
-2.0 	 3.4 	 -9230.09782
-2.0 	 3.6 	 -9033.83228
-2.0 	 3.8 	 -8823.59704
-2.0 	 4.0 	 -8589.83908
-2.0 	 4.2 	 -8327.27378
-2.0 	 4.4 	 -8067.07118
-2.0 	 4.6 	 -7827.09242
-2.0 	 4.8 	 -7543.09712
-2.0 	 5.0 	 -7274.05436
-2.0 	 5.2 	 -7006.32488
-2.0 	 5.4 	 -6718.3714
-2.0 	 5.6 	 -6455.0291
-2.0 	 5.8 	 -6192.67338
-2.0 	 6.0 	 -5951.015
-1.8 	 1.0 	 -9999.85986
-1.8 	 1.2 	 -9998.91298
-1.8 	 1.4 	 -9994.481
-1.8 	 1.6 	 -9986.28854
-1.8 	 1.8 	 -9966.64932
-1.8 	 2.0 	 -9931.8997
-1.8 	 2.2 	 -9888.4973
-1.8 	 2.4 	 -9818.0706
-1.8 	 2.6 	 -9724.28846
-1.8 	 2.8 	 -9610.28126
-1.8 	 3.0 	 -9461.48032
-1.8 	 3.2 	 -9307.62706
-1.8 	 3.4 	 -9101.16384
-1.8 	 3.6 	 -8870.87092
-1.8 	 3.8 	 -8633.96618
-1.8 	 4.0 	 -8375.10798
-1.8 	 4.2 	 -8092.1291
-1.8 	 4.4 	 -7797.91704
-1.8 	 4.6 	 -7519.72434
-1.8 	 4.8 	 -7221.26518
-1.8 	 5.0 	 -6904.03646
-1.8 	 5.2 	 -6656.07886
-1.8 	 5.4 	 -6362.40884
-1.8 	 5.6 	 -6064.32906
-1.8 	 5.8 	 -5814.14932
-1.8 	 6.0 	 -5549.03654
-1.6 	 1.0 	 -9999.6702
-1.6 	 1.2 	 -9998.23804
-1.6 	 1.4 	 -9993.12318
-1.6 	 1.6 	 -9981.94372
-1.6 	 1.8 	 -9958.09056
-1.6 	 2.0 	 -9917.77114
-1.6 	 2.2 	 -9865.50562
-1.6 	 2.4 	 -9781.77508
-1.6 	 2.6 	 -9669.02742
-1.6 	 2.8 	 -9523.52462
-1.6 	 3.0 	 -9370.63672
-1.6 	 3.2 	 -9163.82382
-1.6 	 3.4 	 -8944.11926
-1.6 	 3.6 	 -8681.8123
-1.6 	 3.8 	 -8403.20376
-1.6 	 4.0 	 -8122.51488
-1.6 	 4.2 	 -7798.94924
-1.6 	 4.4 	 -7489.44724
-1.6 	 4.6 	 -7142.96796
-1.6 	 4.8 	 -6832.774
-1.6 	 5.0 	 -6513.4767
-1.6 	 5.2 	 -6211.59392
-1.6 	 5.4 	 -5950.05236
-1.6 	 5.6 	 -5635.80246
-1.6 	 5.8 	 -5384.9543
-1.6 	 6.0 	 -5143.09952
-1.4 	 1.0 	 -9999.66772
-1.4 	 1.2 	 -9997.55492
-1.4 	 1.4 	 -9990.67828
-1.4 	 1.6 	 -9974.53378
-1.4 	 1.8 	 -9946.43074
-1.4 	 2.0 	 -9898.61306
-1.4 	 2.2 	 -9829.08866
-1.4 	 2.4 	 -9722.63722
-1.4 	 2.6 	 -9589.7256
-1.4 	 2.8 	 -9435.64394
-1.4 	 3.0 	 -9239.06414
-1.4 	 3.2 	 -8995.95412
-1.4 	 3.4 	 -8724.46532
-1.4 	 3.6 	 -8429.65718
-1.4 	 3.8 	 -8107.72242
-1.4 	 4.0 	 -7756.49238
-1.4 	 4.2 	 -7419.4305
-1.4 	 4.4 	 -7065.52274
-1.4 	 4.6 	 -6729.82204
-1.4 	 4.8 	 -6378.41936
-1.4 	 5.0 	 -6037.80056
-1.4 	 5.2 	 -5746.43918
-1.4 	 5.4 	 -5434.76622
-1.4 	 5.6 	 -5140.98328
-1.4 	 5.8 	 -4894.15232
-1.4 	 6.0 	 -4636.67528
-1.2 	 1.0 	 -9999.54232
-1.2 	 1.2 	 -9996.17174
-1.2 	 1.4 	 -9987.59762
-1.2 	 1.6 	 -9967.48154
-1.2 	 1.8 	 -9930.9428
-1.2 	 2.0 	 -9871.34234
-1.2 	 2.2 	 -9787.81334
-1.2 	 2.4 	 -9666.10022
-1.2 	 2.6 	 -9511.32388
-1.2 	 2.8 	 -9298.68666
-1.2 	 3.0 	 -9067.13374
-1.2 	 3.2 	 -8794.82354
-1.2 	 3.4 	 -8450.47464
-1.2 	 3.6 	 -8118.15546
-1.2 	 3.8 	 -7735.95704
-1.2 	 4.0 	 -7345.0356
-1.2 	 4.2 	 -6930.07768
-1.2 	 4.4 	 -6559.52986
-1.2 	 4.6 	 -6199.49996
-1.2 	 4.8 	 -5814.86314
-1.2 	 5.0 	 -5489.10542
-1.2 	 5.2 	 -5137.77812
-1.2 	 5.4 	 -4896.86622
-1.2 	 5.6 	 -4598.35832
-1.2 	 5.8 	 -4319.15762
-1.2 	 6.0 	 -4100.91328
-1.0 	 1.0 	 -9998.93474
-1.0 	 1.2 	 -9995.5835
-1.0 	 1.4 	 -9983.5232
-1.0 	 1.6 	 -9959.50684
-1.0 	 1.8 	 -9909.726
-1.0 	 2.0 	 -9835.0033
-1.0 	 2.2 	 -9722.66364
-1.0 	 2.4 	 -9576.69892
-1.0 	 2.6 	 -9384.7184
-1.0 	 2.8 	 -9138.84836
-1.0 	 3.0 	 -8844.29054
-1.0 	 3.2 	 -8503.0796
-1.0 	 3.4 	 -8112.9832
-1.0 	 3.6 	 -7676.19106
-1.0 	 3.8 	 -7264.17902
-1.0 	 4.0 	 -6794.94458
-1.0 	 4.2 	 -6331.777
-1.0 	 4.4 	 -5969.25742
-1.0 	 4.6 	 -5527.89948
-1.0 	 4.8 	 -5164.50522
-1.0 	 5.0 	 -4821.09068
-1.0 	 5.2 	 -4528.37756
-1.0 	 5.4 	 -4240.40306
-1.0 	 5.6 	 -3990.49266
-1.0 	 5.8 	 -3735.7334
-1.0 	 6.0 	 -3520.339
-0.8 	 1.0 	 -9998.38546
-0.8 	 1.2 	 -9993.14068
-0.8 	 1.4 	 -9977.35244
-0.8 	 1.6 	 -9942.8121
-0.8 	 1.8 	 -9888.94448
-0.8 	 2.0 	 -9790.8587
-0.8 	 2.2 	 -9652.75412
-0.8 	 2.4 	 -9465.76908
-0.8 	 2.6 	 -9213.74078
-0.8 	 2.8 	 -8897.90456
-0.8 	 3.0 	 -8520.97196
-0.8 	 3.2 	 -8099.7785
-0.8 	 3.4 	 -7623.36404
-0.8 	 3.6 	 -7127.88786
-0.8 	 3.8 	 -6607.57798
-0.8 	 4.0 	 -6092.25358
-0.8 	 4.2 	 -5595.29162
-0.8 	 4.4 	 -5175.1277
-0.8 	 4.6 	 -4768.2331
-0.8 	 4.8 	 -4429.24528
-0.8 	 5.0 	 -4089.83944
-0.8 	 5.2 	 -3759.1653
-0.8 	 5.4 	 -3526.61014
-0.8 	 5.6 	 -3270.09444
-0.8 	 5.8 	 -3053.94756
-0.8 	 6.0 	 -2904.36308
-0.6 	 1.0 	 -9997.85792
-0.6 	 1.2 	 -9990.1724
-0.6 	 1.4 	 -9967.62016
-0.6 	 1.6 	 -9926.53122
-0.6 	 1.8 	 -9848.0188
-0.6 	 2.0 	 -9724.48492
-0.6 	 2.2 	 -9552.46614
-0.6 	 2.4 	 -9303.55096
-0.6 	 2.6 	 -8978.67538
-0.6 	 2.8 	 -8564.7915
-0.6 	 3.0 	 -8039.9876
-0.6 	 3.2 	 -7479.28626
-0.6 	 3.4 	 -6895.87612
-0.6 	 3.6 	 -6278.41532
-0.6 	 3.8 	 -5669.02372
-0.6 	 4.0 	 -5095.39544
-0.6 	 4.2 	 -4620.63976
-0.6 	 4.4 	 -4189.13184
-0.6 	 4.6 	 -3829.01086
-0.6 	 4.8 	 -3460.82486
-0.6 	 5.0 	 -3197.63676
-0.6 	 5.2 	 -2942.57054
-0.6 	 5.4 	 -2721.80992
-0.6 	 5.6 	 -2514.9265
-0.6 	 5.8 	 -2411.02398
-0.6 	 6.0 	 -2232.44968
-0.4 	 1.0 	 -9996.5719
-0.4 	 1.2 	 -9985.91134
-0.4 	 1.4 	 -9957.93252
-0.4 	 1.6 	 -9902.06124
-0.4 	 1.8 	 -9795.2334
-0.4 	 2.0 	 -9634.67788
-0.4 	 2.2 	 -9378.12454
-0.4 	 2.4 	 -9049.46932
-0.4 	 2.6 	 -8559.88022
-0.4 	 2.8 	 -7989.2784
-0.4 	 3.0 	 -7253.39972
-0.4 	 3.2 	 -6446.1948
-0.4 	 3.4 	 -5704.34878
-0.4 	 3.6 	 -4929.87438
-0.4 	 3.8 	 -4303.15632
-0.4 	 4.0 	 -3827.3677
-0.4 	 4.2 	 -3386.84554
-0.4 	 4.4 	 -2961.16372
-0.4 	 4.6 	 -2676.26374
-0.4 	 4.8 	 -2447.64366
-0.4 	 5.0 	 -2219.25392
-0.4 	 5.2 	 -2077.34132
-0.4 	 5.4 	 -1884.99948
-0.4 	 5.6 	 -1733.38004
-0.4 	 5.8 	 -1608.55646
-0.4 	 6.0 	 -1494.29438
-0.2 	 1.0 	 -9975.65598
-0.2 	 1.2 	 -9979.68298
-0.2 	 1.4 	 -9940.77248
-0.2 	 1.6 	 -9857.11804
-0.2 	 1.8 	 -9716.88068
-0.2 	 2.0 	 -9470.86712
-0.2 	 2.2 	 -9107.35516
-0.2 	 2.4 	 -8516.7479
-0.2 	 2.6 	 -7643.15024
-0.2 	 2.8 	 -6596.10522
-0.2 	 3.0 	 -5493.33572
-0.2 	 3.2 	 -4376.44336
-0.2 	 3.4 	 -3560.63766
-0.2 	 3.6 	 -2914.92506
-0.2 	 3.8 	 -2482.27408
-0.2 	 4.0 	 -2019.15062
-0.2 	 4.2 	 -1795.8478
-0.2 	 4.4 	 -1603.52958
-0.2 	 4.6 	 -1405.25136
-0.2 	 4.8 	 -1259.03112
-0.2 	 5.0 	 -1167.1186
-0.2 	 5.2 	 -1042.02414
-0.2 	 5.4 	 -952.05412
-0.2 	 5.6 	 -852.70554
-0.2 	 5.8 	 -784.33696
-0.2 	 6.0 	 -765.28262
0.0 	 1.0 	 -3522.82462
0.0 	 1.2 	 -4348.34668
0.0 	 1.4 	 -5934.96858
0.0 	 1.6 	 -7622.83008
0.0 	 1.8 	 -8453.20366
0.0 	 2.0 	 -8568.1299
0.0 	 2.2 	 -8106.4874
0.0 	 2.4 	 -4731.42198
0.0 	 2.6 	 -854.46004
0.0 	 2.8 	 51.011
0.0 	 3.0 	 160.57382
0.0 	 3.2 	 4.46012
0.0 	 3.4 	 1.09732
0.0 	 3.6 	 13.49366
0.0 	 3.8 	 -16.3786
0.0 	 4.0 	 44.32982
0.0 	 4.2 	 14.43928
0.0 	 4.4 	 28.69856
0.0 	 4.6 	 33.3266
0.0 	 4.8 	 -19.00128
0.0 	 5.0 	 27.75786
0.0 	 5.2 	 22.647
0.0 	 5.4 	 14.58348
0.0 	 5.6 	 30.74754
0.0 	 5.8 	 34.3548
0.0 	 6.0 	 17.02366
0.2 	 1.0 	 9937.41122
0.2 	 1.2 	 9979.51206
0.2 	 1.4 	 9940.026
0.2 	 1.6 	 9859.64354
0.2 	 1.8 	 9717.29684
0.2 	 2.0 	 9476.99502
0.2 	 2.2 	 9094.2627
0.2 	 2.4 	 8506.32908
0.2 	 2.6 	 7696.66614
0.2 	 2.8 	 6601.56904
0.2 	 3.0 	 5407.04422
0.2 	 3.2 	 4405.35626
0.2 	 3.4 	 3526.77302
0.2 	 3.6 	 2936.5856
0.2 	 3.8 	 2478.06282
0.2 	 4.0 	 2047.94626
0.2 	 4.2 	 1837.64154
0.2 	 4.4 	 1564.7513
0.2 	 4.6 	 1391.0327
0.2 	 4.8 	 1240.16242
0.2 	 5.0 	 1127.3843
0.2 	 5.2 	 1052.4705
0.2 	 5.4 	 953.88196
0.2 	 5.6 	 818.18788
0.2 	 5.8 	 847.5546
0.2 	 6.0 	 776.9275
0.4 	 1.0 	 9989.30492
0.4 	 1.2 	 9985.29846
0.4 	 1.4 	 9959.48686
0.4 	 1.6 	 9899.18232
0.4 	 1.8 	 9793.73088
0.4 	 2.0 	 9634.87528
0.4 	 2.2 	 9386.7219
0.4 	 2.4 	 9032.04168
0.4 	 2.6 	 8565.86382
0.4 	 2.8 	 7978.54114
0.4 	 3.0 	 7221.61196
0.4 	 3.2 	 6419.11652
0.4 	 3.4 	 5691.01922
0.4 	 3.6 	 4943.52172
0.4 	 3.8 	 4323.71498
0.4 	 4.0 	 3765.01742
0.4 	 4.2 	 3397.09306
0.4 	 4.4 	 2998.3921
0.4 	 4.6 	 2687.164
0.4 	 4.8 	 2397.2154
0.4 	 5.0 	 2195.50566
0.4 	 5.2 	 2048.09234
0.4 	 5.4 	 1861.41652
0.4 	 5.6 	 1756.05976
0.4 	 5.8 	 1613.36082
0.4 	 6.0 	 1522.82972
0.6 	 1.0 	 9997.97054
0.6 	 1.2 	 9989.92172
0.6 	 1.4 	 9969.16008
0.6 	 1.6 	 9924.42044
0.6 	 1.8 	 9848.92262
0.6 	 2.0 	 9726.8615
0.6 	 2.2 	 9547.70642
0.6 	 2.4 	 9313.52078
0.6 	 2.6 	 8971.53956
0.6 	 2.8 	 8550.36552
0.6 	 3.0 	 8061.02614
0.6 	 3.2 	 7515.47044
0.6 	 3.4 	 6864.70626
0.6 	 3.6 	 6259.1177
0.6 	 3.8 	 5637.23508
0.6 	 4.0 	 5112.10056
0.6 	 4.2 	 4630.13768
0.6 	 4.4 	 4200.89458
0.6 	 4.6 	 3844.44596
0.6 	 4.8 	 3472.9295
0.6 	 5.0 	 3204.97118
0.6 	 5.2 	 3004.55684
0.6 	 5.4 	 2721.16896
0.6 	 5.6 	 2572.01324
0.6 	 5.8 	 2347.11118
0.6 	 6.0 	 2206.21356
0.8 	 1.0 	 9998.62896
0.8 	 1.2 	 9992.84484
0.8 	 1.4 	 9977.77388
0.8 	 1.6 	 9945.20884
0.8 	 1.8 	 9886.18266
0.8 	 2.0 	 9786.8301
0.8 	 2.2 	 9649.87824
0.8 	 2.4 	 9468.74106
0.8 	 2.6 	 9229.3124
0.8 	 2.8 	 8909.36358
0.8 	 3.0 	 8545.34934
0.8 	 3.2 	 8097.12876
0.8 	 3.4 	 7644.72102
0.8 	 3.6 	 7096.32252
0.8 	 3.8 	 6580.70344
0.8 	 4.0 	 6093.45838
0.8 	 4.2 	 5630.85054
0.8 	 4.4 	 5222.58158
0.8 	 4.6 	 4697.7875
0.8 	 4.8 	 4395.11752
0.8 	 5.0 	 4084.80222
0.8 	 5.2 	 3793.65188
0.8 	 5.4 	 3500.67772
0.8 	 5.6 	 3334.58978
0.8 	 5.8 	 3067.4655
0.8 	 6.0 	 2887.77788
1.0 	 1.0 	 9999.06722
1.0 	 1.2 	 9995.12578
1.0 	 1.4 	 9983.6224
1.0 	 1.6 	 9957.9309
1.0 	 1.8 	 9912.944
1.0 	 2.0 	 9839.74248
1.0 	 2.2 	 9728.6384
1.0 	 2.4 	 9577.71922
1.0 	 2.6 	 9385.03026
1.0 	 2.8 	 9147.30886
1.0 	 3.0 	 8838.23514
1.0 	 3.2 	 8516.48512
1.0 	 3.4 	 8121.266
1.0 	 3.6 	 7695.13456
1.0 	 3.8 	 7259.89356
1.0 	 4.0 	 6835.47972
1.0 	 4.2 	 6349.21188
1.0 	 4.4 	 5925.23354
1.0 	 4.6 	 5568.31026
1.0 	 4.8 	 5178.76256
1.0 	 5.0 	 4847.0988
1.0 	 5.2 	 4549.65648
1.0 	 5.4 	 4246.3756
1.0 	 5.6 	 3953.5148
1.0 	 5.8 	 3714.13274
1.0 	 6.0 	 3546.93972
1.2 	 1.0 	 9999.45054
1.2 	 1.2 	 9996.75026
1.2 	 1.4 	 9987.1456
1.2 	 1.6 	 9967.66942
1.2 	 1.8 	 9929.902
1.2 	 2.0 	 9873.79726
1.2 	 2.2 	 9785.31728
1.2 	 2.4 	 9665.55974
1.2 	 2.6 	 9498.85722
1.2 	 2.8 	 9299.44554
1.2 	 3.0 	 9068.44852
1.2 	 3.2 	 8769.5542
1.2 	 3.4 	 8465.8001
1.2 	 3.6 	 8109.57046
1.2 	 3.8 	 7745.73866
1.2 	 4.0 	 7325.63826
1.2 	 4.2 	 6965.35008
1.2 	 4.4 	 6557.7219
1.2 	 4.6 	 6179.95062
1.2 	 4.8 	 5830.56968
1.2 	 5.0 	 5475.45796
1.2 	 5.2 	 5148.9962
1.2 	 5.4 	 4871.1357
1.2 	 5.6 	 4588.8974
1.2 	 5.8 	 4315.7665
1.2 	 6.0 	 4117.4904
1.4 	 1.0 	 9999.4068
1.4 	 1.2 	 9997.3435
1.4 	 1.4 	 9990.44146
1.4 	 1.6 	 9974.88192
1.4 	 1.8 	 9947.79622
1.4 	 2.0 	 9896.95032
1.4 	 2.2 	 9824.61984
1.4 	 2.4 	 9730.12178
1.4 	 2.6 	 9600.4192
1.4 	 2.8 	 9431.90276
1.4 	 3.0 	 9237.72214
1.4 	 3.2 	 9005.36612
1.4 	 3.4 	 8733.46278
1.4 	 3.6 	 8428.44016
1.4 	 3.8 	 8110.06154
1.4 	 4.0 	 7768.0646
1.4 	 4.2 	 7418.3559
1.4 	 4.4 	 7071.28878
1.4 	 4.6 	 6698.79256
1.4 	 4.8 	 6360.71922
1.4 	 5.0 	 6032.3129
1.4 	 5.2 	 5716.15178
1.4 	 5.4 	 5437.24096
1.4 	 5.6 	 5133.16294
1.4 	 5.8 	 4872.80316
1.4 	 6.0 	 4657.68886
1.6 	 1.0 	 9999.74734
1.6 	 1.2 	 9998.09812
1.6 	 1.4 	 9993.03216
1.6 	 1.6 	 9980.72912
1.6 	 1.8 	 9957.30652
1.6 	 2.0 	 9916.60494
1.6 	 2.2 	 9861.50482
1.6 	 2.4 	 9777.24202
1.6 	 2.6 	 9670.11666
1.6 	 2.8 	 9527.65198
1.6 	 3.0 	 9363.27622
1.6 	 3.2 	 9158.10306
1.6 	 3.4 	 8942.87326
1.6 	 3.6 	 8684.60266
1.6 	 3.8 	 8410.8286
1.6 	 4.0 	 8115.72276
1.6 	 4.2 	 7796.84242
1.6 	 4.4 	 7484.59338
1.6 	 4.6 	 7134.24028
1.6 	 4.8 	 6850.09748
1.6 	 5.0 	 6521.60968
1.6 	 5.2 	 6164.8795
1.6 	 5.4 	 5922.334
1.6 	 5.6 	 5619.70026
1.6 	 5.8 	 5382.62334
1.6 	 6.0 	 5104.35766
1.8 	 1.0 	 9999.83532
1.8 	 1.2 	 9998.78554
1.8 	 1.4 	 9994.8638
1.8 	 1.6 	 9985.30066
1.8 	 1.8 	 9966.6822
1.8 	 2.0 	 9932.80564
1.8 	 2.2 	 9889.20044
1.8 	 2.4 	 9815.24276
1.8 	 2.6 	 9724.87032
1.8 	 2.8 	 9613.48344
1.8 	 3.0 	 9467.46064
1.8 	 3.2 	 9284.37832
1.8 	 3.4 	 9106.27738
1.8 	 3.6 	 8879.5912
1.8 	 3.8 	 8647.23414
1.8 	 4.0 	 8382.84812
1.8 	 4.2 	 8095.69112
1.8 	 4.4 	 7801.69508
1.8 	 4.6 	 7506.49796
1.8 	 4.8 	 7198.09146
1.8 	 5.0 	 6901.49788
1.8 	 5.2 	 6629.5276
1.8 	 5.4 	 6358.54982
1.8 	 5.6 	 6063.39764
1.8 	 5.8 	 5837.8247
1.8 	 6.0 	 5584.31568
2.0 	 1.0 	 9999.8741
2.0 	 1.2 	 9999.3617
2.0 	 1.4 	 9996.04028
2.0 	 1.6 	 9988.85322
2.0 	 1.8 	 9974.56434
2.0 	 2.0 	 9947.04878
2.0 	 2.2 	 9905.02922
2.0 	 2.4 	 9848.71058
2.0 	 2.6 	 9773.53804
2.0 	 2.8 	 9668.54208
2.0 	 3.0 	 9549.15548
2.0 	 3.2 	 9396.11862
2.0 	 3.4 	 9229.50512
2.0 	 3.6 	 9039.43244
2.0 	 3.8 	 8833.2056
2.0 	 4.0 	 8603.48668
2.0 	 4.2 	 8343.58842
2.0 	 4.4 	 8086.11186
2.0 	 4.6 	 7825.41086
2.0 	 4.8 	 7547.8397
2.0 	 5.0 	 7273.8382
2.0 	 5.2 	 7008.4521
2.0 	 5.4 	 6721.4657
2.0 	 5.6 	 6446.14066
2.0 	 5.8 	 6236.64086
2.0 	 6.0 	 5959.59146
2.2 	 1.0 	 9999.86312
2.2 	 1.2 	 9999.31364
2.2 	 1.4 	 9997.0398
2.2 	 1.6 	 9990.572
2.2 	 1.8 	 9979.09506
2.2 	 2.0 	 9957.27452
2.2 	 2.2 	 9924.36756
2.2 	 2.4 	 9873.15084
2.2 	 2.6 	 9806.72698
2.2 	 2.8 	 9721.29764
2.2 	 3.0 	 9613.5874
2.2 	 3.2 	 9491.4165
2.2 	 3.4 	 9352.35044
2.2 	 3.6 	 9175.68584
2.2 	 3.8 	 8976.5878
2.2 	 4.0 	 8767.36082
2.2 	 4.2 	 8549.0923
2.2 	 4.4 	 8315.83778
2.2 	 4.6 	 8063.70218
2.2 	 4.8 	 7803.07004
2.2 	 5.0 	 7557.28532
2.2 	 5.2 	 7306.83794
2.2 	 5.4 	 7081.25812
2.2 	 5.6 	 6791.69176
2.2 	 5.8 	 6554.71784
2.2 	 6.0 	 6317.59836
2.4 	 1.0 	 10000.0
2.4 	 1.2 	 9999.53064
2.4 	 1.4 	 9997.79668
2.4 	 1.6 	 9994.11548
2.4 	 1.8 	 9983.63622
2.4 	 2.0 	 9966.12668
2.4 	 2.2 	 9937.60824
2.4 	 2.4 	 9892.34594
2.4 	 2.6 	 9838.36514
2.4 	 2.8 	 9764.27096
2.4 	 3.0 	 9670.46162
2.4 	 3.2 	 9557.58332
2.4 	 3.4 	 9434.21806
2.4 	 3.6 	 9279.2172
2.4 	 3.8 	 9108.5934
2.4 	 4.0 	 8931.65046
2.4 	 4.2 	 8735.02104
2.4 	 4.4 	 8504.65662
2.4 	 4.6 	 8290.83256
2.4 	 4.8 	 8059.59488
2.4 	 5.0 	 7818.4442
2.4 	 5.2 	 7581.15796
2.4 	 5.4 	 7359.92624
2.4 	 5.6 	 7105.43704
2.4 	 5.8 	 6871.27798
2.4 	 6.0 	 6627.062
2.6 	 1.0 	 9999.9818
2.6 	 1.2 	 9999.78028
2.6 	 1.4 	 9998.52338
2.6 	 1.6 	 9995.29572
2.6 	 1.8 	 9986.89686
2.6 	 2.0 	 9971.99638
2.6 	 2.2 	 9949.07224
2.6 	 2.4 	 9913.00582
2.6 	 2.6 	 9865.32282
2.6 	 2.8 	 9799.17126
2.6 	 3.0 	 9721.2521
2.6 	 3.2 	 9624.31346
2.6 	 3.4 	 9508.55072
2.6 	 3.6 	 9370.09844
2.6 	 3.8 	 9228.70814
2.6 	 4.0 	 9061.84508
2.6 	 4.2 	 8888.25366
2.6 	 4.4 	 8684.82218
2.6 	 4.6 	 8469.9758
2.6 	 4.8 	 8272.6796
2.6 	 5.0 	 8062.13806
2.6 	 5.2 	 7814.8931
2.6 	 5.4 	 7596.06116
2.6 	 5.6 	 7363.1205
2.6 	 5.8 	 7150.43974
2.6 	 6.0 	 6925.99472
2.8 	 1.0 	 9999.99238
2.8 	 1.2 	 9999.79304
2.8 	 1.4 	 9998.89882
2.8 	 1.6 	 9995.85404
2.8 	 1.8 	 9989.31448
2.8 	 2.0 	 9976.62524
2.8 	 2.2 	 9956.85388
2.8 	 2.4 	 9925.82922
2.8 	 2.6 	 9884.39428
2.8 	 2.8 	 9826.86478
2.8 	 3.0 	 9758.3855
2.8 	 3.2 	 9676.11798
2.8 	 3.4 	 9574.63472
2.8 	 3.6 	 9454.86228
2.8 	 3.8 	 9320.80638
2.8 	 4.0 	 9168.276
2.8 	 4.2 	 9001.08008
2.8 	 4.4 	 8834.4742
2.8 	 4.6 	 8629.68144
2.8 	 4.8 	 8430.86144
2.8 	 5.0 	 8243.83168
2.8 	 5.2 	 8036.398
2.8 	 5.4 	 7827.55564
2.8 	 5.6 	 7599.7659
2.8 	 5.8 	 7397.57994
2.8 	 6.0 	 7188.51388
3.0 	 1.0 	 10000.0
3.0 	 1.2 	 9999.78932
3.0 	 1.4 	 9999.12576
3.0 	 1.6 	 9997.19752
3.0 	 1.8 	 9991.28042
3.0 	 2.0 	 9981.24712
3.0 	 2.2 	 9965.3702
3.0 	 2.4 	 9937.22324
3.0 	 2.6 	 9902.44444
3.0 	 2.8 	 9856.04794
3.0 	 3.0 	 9790.40094
3.0 	 3.2 	 9716.35266
3.0 	 3.4 	 9622.25882
3.0 	 3.6 	 9519.167
3.0 	 3.8 	 9392.8528
3.0 	 4.0 	 9261.6891
3.0 	 4.2 	 9120.50744
3.0 	 4.4 	 8972.25338
3.0 	 4.6 	 8786.64676
3.0 	 4.8 	 8617.78168
3.0 	 5.0 	 8414.83206
3.0 	 5.2 	 8238.22692
3.0 	 5.4 	 8032.19454
3.0 	 5.6 	 7827.4386
3.0 	 5.8 	 7618.96484
3.0 	 6.0 	 7424.10514
