#> Julia Plot Script <
#============================================
#
using Plots
using Rsvg
Plots.plotlyjs()
X = Float16(1.0):Float16(0.1):Float16(8.0)
Y = Float16(-3.0):Float16(0.1):Float16(3.0)
Z = [ -10000.0 -10000.0 -10000.0 -10000.0 -10000.0 -10000.0 -10000.0 -10000.0 -10000.0 -10000.0 -10000.0 -10000.0 -10000.0 -10000.0 -10000.0 -10000.0 -10000.0 -10000.0 -10000.0 -10000.0 -10000.0 -10000.0 -10000.0 -10000.0 -10000.0 -10000.0 -10000.0 -10000.0 -9.99e3 -9.98e3 1282.0 9.99e3 9.99e3 9.99e3 10000.0 10000.0 10000.0 10000.0 10000.0 10000.0 10000.0 10000.0 10000.0 10000.0 10000.0 10000.0 10000.0 10000.0 10000.0 10000.0 10000.0 10000.0 10000.0 10000.0 10000.0 10000.0 10000.0 10000.0 10000.0 10000.0 10000.0 ;
      -10000.0 -10000.0 -10000.0 -10000.0 -10000.0 -10000.0 -10000.0 -10000.0 -10000.0 -10000.0 -10000.0 -10000.0 -10000.0 -10000.0 -10000.0 -10000.0 -10000.0 -10000.0 -10000.0 -10000.0 -10000.0 -10000.0 -10000.0 -9.99e3 -9.99e3 -9.99e3 -9.99e3 -9.99e3 -9.99e3 -9.98e3 3880.0 9.98e3 9.99e3 9.99e3 9.99e3 9.99e3 9.99e3 10000.0 10000.0 10000.0 10000.0 10000.0 10000.0 10000.0 10000.0 10000.0 10000.0 10000.0 10000.0 10000.0 10000.0 10000.0 10000.0 10000.0 10000.0 10000.0 10000.0 10000.0 10000.0 10000.0 10000.0 ;
      -10000.0 -10000.0 -10000.0 -10000.0 -10000.0 -10000.0 -10000.0 -10000.0 -10000.0 -10000.0 -10000.0 -10000.0 -10000.0 -10000.0 -10000.0 -10000.0 -10000.0 -10000.0 -9.99e3 -9.99e3 -9.99e3 -9.99e3 -9.99e3 -9.99e3 -9.99e3 -9.98e3 -9.98e3 -9.98e3 -9976.0 -9976.0 6444.0 9976.0 9.98e3 9.98e3 9.98e3 9.98e3 9.99e3 9.99e3 9.99e3 9.99e3 9.99e3 9.99e3 10000.0 10000.0 10000.0 10000.0 10000.0 10000.0 10000.0 10000.0 10000.0 10000.0 10000.0 10000.0 10000.0 10000.0 10000.0 10000.0 10000.0 10000.0 10000.0 ;
      -10000.0 -10000.0 -10000.0 -10000.0 -10000.0 -10000.0 -10000.0 -10000.0 -10000.0 -10000.0 -10000.0 -10000.0 -10000.0 -10000.0 -10000.0 -9.99e3 -9.99e3 -9.99e3 -9.99e3 -9.99e3 -9.99e3 -9.99e3 -9.98e3 -9.98e3 -9.98e3 -9976.0 -9976.0 -9.97e3 -9.97e3 -9960.0 8.15e3 9960.0 9960.0 9.97e3 9976.0 9976.0 9.98e3 9.98e3 9.98e3 9.99e3 9.99e3 9.99e3 9.99e3 9.99e3 9.99e3 9.99e3 10000.0 10000.0 10000.0 10000.0 10000.0 10000.0 10000.0 10000.0 10000.0 10000.0 10000.0 10000.0 10000.0 10000.0 10000.0 ;
      -10000.0 -10000.0 -10000.0 -10000.0 -10000.0 -10000.0 -10000.0 -10000.0 -10000.0 -10000.0 -9.99e3 -9.99e3 -9.99e3 -9.99e3 -9.99e3 -9.99e3 -9.99e3 -9.99e3 -9.98e3 -9.98e3 -9.98e3 -9.98e3 -9976.0 -9976.0 -9.97e3 -9960.0 -9960.0 -9.95e3 -9.94e3 -9.93e3 9.83e3 9.93e3 9944.0 9.95e3 9960.0 9.97e3 9.97e3 9976.0 9976.0 9.98e3 9.98e3 9.98e3 9.98e3 9.99e3 9.99e3 9.99e3 9.99e3 9.99e3 9.99e3 9.99e3 10000.0 10000.0 10000.0 10000.0 10000.0 10000.0 10000.0 10000.0 10000.0 10000.0 10000.0 ;
      -10000.0 -10000.0 -10000.0 -10000.0 -10000.0 -10000.0 -10000.0 -9.99e3 -9.99e3 -9.99e3 -9.99e3 -9.99e3 -9.99e3 -9.99e3 -9.98e3 -9.98e3 -9.98e3 -9.98e3 -9976.0 -9976.0 -9.97e3 -9.97e3 -9960.0 -9960.0 -9.95e3 -9944.0 -9.94e3 -9920.0 -9.9e3 -9.89e3 9864.0 9896.0 9.9e3 9920.0 9.93e3 9944.0 9.95e3 9960.0 9960.0 9.97e3 9976.0 9976.0 9976.0 9.98e3 9.98e3 9.98e3 9.98e3 9.99e3 9.99e3 9.99e3 9.99e3 9.99e3 9.99e3 9.99e3 9.99e3 10000.0 10000.0 10000.0 10000.0 10000.0 10000.0 ;
      -10000.0 -10000.0 -9.99e3 -9.99e3 -9.99e3 -9.99e3 -9.99e3 -9.99e3 -9.99e3 -9.99e3 -9.99e3 -9.98e3 -9.98e3 -9.98e3 -9.98e3 -9976.0 -9976.0 -9.97e3 -9.97e3 -9960.0 -9.95e3 -9.95e3 -9944.0 -9.94e3 -9.93e3 -9.91e3 -9896.0 -9880.0 -9864.0 -9840.0 9800.0 9.83e3 9.86e3 9880.0 9896.0 9.91e3 9.93e3 9.94e3 9944.0 9.95e3 9960.0 9.97e3 9.97e3 9976.0 9976.0 9976.0 9.98e3 9.98e3 9.98e3 9.98e3 9.99e3 9.99e3 9.99e3 9.99e3 9.99e3 9.99e3 9.99e3 9.99e3 10000.0 10000.0 10000.0 ;
      -9.99e3 -9.99e3 -9.99e3 -9.99e3 -9.99e3 -9.99e3 -9.99e3 -9.98e3 -9.98e3 -9.98e3 -9.98e3 -9.98e3 -9976.0 -9976.0 -9.97e3 -9.97e3 -9960.0 -9960.0 -9.95e3 -9944.0 -9.94e3 -9.93e3 -9920.0 -9.9e3 -9.89e3 -9.87e3 -9.86e3 -9.83e3 -9800.0 -9.75e3 9704.0 9.75e3 9800.0 9840.0 9.85e3 9880.0 9896.0 9.91e3 9920.0 9.93e3 9.94e3 9944.0 9.95e3 9960.0 9960.0 9.97e3 9.97e3 9976.0 9976.0 9976.0 9.98e3 9.98e3 9.98e3 9.98e3 9.99e3 9.99e3 9.99e3 9.99e3 9.99e3 9.99e3 9.99e3 ;
      -9.99e3 -9.99e3 -9.99e3 -9.98e3 -9.98e3 -9.98e3 -9.98e3 -9.98e3 -9976.0 -9976.0 -9976.0 -9.97e3 -9.97e3 -9960.0 -9960.0 -9.95e3 -9944.0 -9.94e3 -9.94e3 -9920.0 -9.91e3 -9896.0 -9.89e3 -9.87e3 -9.85e3 -9.82e3 -9.79e3 -9760.0 -9720.0 -9656.0 9576.0 9656.0 9.71e3 9760.0 9800.0 9.82e3 9.85e3 9.87e3 9880.0 9896.0 9.91e3 9.93e3 9.93e3 9.94e3 9944.0 9.95e3 9960.0 9960.0 9.97e3 9.97e3 9976.0 9976.0 9976.0 9.98e3 9.98e3 9.98e3 9.98e3 9.99e3 9.99e3 9.99e3 9.99e3 ;
      -9.98e3 -9.98e3 -9.98e3 -9.98e3 -9.98e3 -9976.0 -9976.0 -9976.0 -9.97e3 -9.97e3 -9960.0 -9960.0 -9.95e3 -9944.0 -9.94e3 -9.94e3 -9.93e3 -9920.0 -9.9e3 -9.89e3 -9880.0 -9864.0 -9840.0 -9816.0 -9.79e3 -9.77e3 -9720.0 -9680.0 -9.62e3 -9.53e3 9.39e3 9520.0 9.61e3 9680.0 9720.0 9760.0 9.79e3 9816.0 9840.0 9864.0 9880.0 9.89e3 9.9e3 9920.0 9920.0 9.93e3 9944.0 9944.0 9.95e3 9960.0 9960.0 9.97e3 9.97e3 9.97e3 9976.0 9976.0 9.98e3 9.98e3 9.98e3 9.98e3 9.98e3 ;
      -9.98e3 -9.98e3 -9976.0 -9976.0 -9.97e3 -9.97e3 -9.97e3 -9960.0 -9.95e3 -9.95e3 -9944.0 -9944.0 -9.94e3 -9.93e3 -9920.0 -9.91e3 -9896.0 -9.89e3 -9.87e3 -9.86e3 -9840.0 -9816.0 -9784.0 -9760.0 -9.73e3 -9.69e3 -9624.0 -9.57e3 -9480.0 -9360.0 9.11e3 9.37e3 9480.0 9.57e3 9.63e3 9.69e3 9.73e3 9760.0 9.79e3 9816.0 9.83e3 9.86e3 9.87e3 9.89e3 9896.0 9.91e3 9920.0 9.93e3 9.94e3 9944.0 9944.0 9.95e3 9960.0 9960.0 9.97e3 9.97e3 9976.0 9976.0 9976.0 9976.0 9.98e3 ;
      -9976.0 -9.97e3 -9.97e3 -9.97e3 -9960.0 -9960.0 -9.95e3 -9944.0 -9944.0 -9.94e3 -9.93e3 -9920.0 -9.91e3 -9.9e3 -9896.0 -9880.0 -9864.0 -9.85e3 -9.83e3 -9816.0 -9.79e3 -9760.0 -9.73e3 -9.69e3 -9.65e3 -9.59e3 -9520.0 -9440.0 -9.31e3 -9120.0 8696.0 9120.0 9320.0 9440.0 9520.0 9.59e3 9656.0 9.69e3 9.73e3 9760.0 9784.0 9.81e3 9.82e3 9.85e3 9864.0 9880.0 9896.0 9.9e3 9.91e3 9920.0 9.93e3 9.94e3 9944.0 9944.0 9.95e3 9960.0 9960.0 9.97e3 9.97e3 9.97e3 9976.0 ;
      -9.97e3 -9960.0 -9960.0 -9.95e3 -9.95e3 -9944.0 -9.94e3 -9.93e3 -9920.0 -9920.0 -9.9e3 -9896.0 -9.89e3 -9.87e3 -9.86e3 -9840.0 -9.83e3 -9.81e3 -9784.0 -9760.0 -9.73e3 -9.7e3 -9656.0 -9.61e3 -9544.0 -9480.0 -9.39e3 -9.27e3 -9.1e3 -8.83e3 7.83e3 8.85e3 9096.0 9.27e3 9384.0 9.47e3 9544.0 9.62e3 9656.0 9.7e3 9.73e3 9760.0 9784.0 9.81e3 9.82e3 9.85e3 9864.0 9.87e3 9.89e3 9896.0 9.9e3 9.91e3 9.93e3 9.93e3 9.94e3 9944.0 9.95e3 9.95e3 9960.0 9960.0 9960.0 ;
      -9.95e3 -9.95e3 -9944.0 -9.94e3 -9.94e3 -9.93e3 -9.91e3 -9.91e3 -9896.0 -9.89e3 -9880.0 -9.87e3 -9.86e3 -9840.0 -9.82e3 -9.81e3 -9784.0 -9.75e3 -9.73e3 -9.7e3 -9656.0 -9.61e3 -9.57e3 -9.51e3 -9440.0 -9.34e3 -9224.0 -9.07e3 -8.83e3 -8456.0 6184.0 8360.0 8.85e3 9.07e3 9224.0 9.34e3 9440.0 9.51e3 9.57e3 9.62e3 9656.0 9.7e3 9.73e3 9760.0 9.78e3 9800.0 9.82e3 9840.0 9.85e3 9864.0 9880.0 9896.0 9.9e3 9.91e3 9920.0 9.93e3 9.93e3 9.94e3 9944.0 9.95e3 9.95e3 ;
      -9.94e3 -9.94e3 -9.93e3 -9920.0 -9.91e3 -9.9e3 -9896.0 -9.89e3 -9.87e3 -9864.0 -9.85e3 -9.83e3 -9816.0 -9800.0 -9.78e3 -9.75e3 -9.73e3 -9.7e3 -9.66e3 -9624.0 -9.58e3 -9.53e3 -9464.0 -9384.0 -9304.0 -9200.0 -9.03e3 -8.83e3 -8520.0 -7908.0 2426.0 7932.0 8504.0 8.85e3 9.05e3 9.19e3 9.3e3 9.39e3 9464.0 9.53e3 9.58e3 9624.0 9.66e3 9.7e3 9.73e3 9760.0 9.78e3 9.79e3 9816.0 9.83e3 9.85e3 9864.0 9.87e3 9.89e3 9896.0 9.9e3 9.91e3 9920.0 9.93e3 9.94e3 9.94e3 ;
      -9920.0 -9.91e3 -9.9e3 -9.9e3 -9.89e3 -9880.0 -9864.0 -9.86e3 -9.85e3 -9.83e3 -9.81e3 -9.79e3 -9.78e3 -9.75e3 -9.73e3 -9.7e3 -9.67e3 -9.63e3 -9.59e3 -9544.0 -9.49e3 -9.42e3 -9.34e3 -9.26e3 -9144.0 -9.01e3 -8.82e3 -8.55e3 -8108.0 -7.17e3 -837.0 7.25e3 8096.0 8560.0 8.83e3 9.01e3 9144.0 9.25e3 9.34e3 9.42e3 9480.0 9544.0 9.59e3 9.63e3 9.66e3 9.7e3 9.73e3 9.74e3 9.78e3 9.79e3 9816.0 9.83e3 9840.0 9.86e3 9.87e3 9880.0 9.89e3 9896.0 9.91e3 9920.0 9.93e3 ;
      -9.9e3 -9896.0 -9880.0 -9.87e3 -9864.0 -9.86e3 -9840.0 -9.82e3 -9.81e3 -9.79e3 -9.77e3 -9.74e3 -9720.0 -9.7e3 -9.67e3 -9.63e3 -9600.0 -9.55e3 -9.51e3 -9.46e3 -9.39e3 -9.31e3 -9.22e3 -9.1e3 -8.97e3 -8800.0 -8560.0 -8.23e3 -7.69e3 -6584.0 -248.8 6480.0 7676.0 8.23e3 8560.0 8.78e3 8.98e3 9.11e3 9.22e3 9304.0 9384.0 9.45e3 9.51e3 9.55e3 9.59e3 9640.0 9.66e3 9704.0 9.73e3 9.75e3 9.77e3 9.79e3 9.81e3 9.82e3 9840.0 9.86e3 9864.0 9.87e3 9.89e3 9.89e3 9.9e3 ;
      -9880.0 -9.87e3 -9.86e3 -9.85e3 -9840.0 -9816.0 -9.81e3 -9.79e3 -9.77e3 -9.74e3 -9.73e3 -9704.0 -9.67e3 -9640.0 -9600.0 -9560.0 -9520.0 -9464.0 -9.41e3 -9336.0 -9.26e3 -9176.0 -9064.0 -8936.0 -8.78e3 -8560.0 -8264.0 -7864.0 -7164.0 -5760.0 -335.2 5780.0 7160.0 7864.0 8.27e3 8560.0 8.78e3 8.94e3 9.07e3 9176.0 9.27e3 9.35e3 9416.0 9.47e3 9520.0 9.57e3 9.61e3 9640.0 9.66e3 9.7e3 9720.0 9.75e3 9.77e3 9784.0 9.81e3 9816.0 9.83e3 9.85e3 9.86e3 9.87e3 9880.0 ;
      -9.85e3 -9840.0 -9.82e3 -9816.0 -9800.0 -9784.0 -9760.0 -9.74e3 -9720.0 -9.7e3 -9.67e3 -9640.0 -9.61e3 -9.57e3 -9.53e3 -9480.0 -9.43e3 -9.38e3 -9.3e3 -9224.0 -9.14e3 -9040.0 -8904.0 -8744.0 -8536.0 -8296.0 -7932.0 -7440.0 -6548.0 -4784.0 -12.05 4776.0 6536.0 7440.0 7948.0 8.27e3 8.55e3 8.74e3 8904.0 9.03e3 9.14e3 9224.0 9304.0 9.38e3 9.43e3 9.49e3 9.53e3 9.57e3 9.61e3 9.65e3 9.67e3 9.7e3 9720.0 9.74e3 9.77e3 9784.0 9.79e3 9816.0 9.82e3 9840.0 9.86e3 ;
      -9.82e3 -9816.0 -9800.0 -9.78e3 -9760.0 -9.74e3 -9720.0 -9.7e3 -9.67e3 -9.65e3 -9.61e3 -9576.0 -9544.0 -9496.0 -9.46e3 -9.39e3 -9336.0 -9.27e3 -9.19e3 -9096.0 -8.99e3 -8.87e3 -8720.0 -8.54e3 -8.3e3 -8004.0 -7604.0 -7000.0 -6036.0 -3926.0 126.75 4.11e3 6068.0 7016.0 7.59e3 7980.0 8.31e3 8.53e3 8.73e3 8.86e3 9000.0 9096.0 9.18e3 9.27e3 9336.0 9.39e3 9.45e3 9496.0 9544.0 9576.0 9.61e3 9640.0 9.67e3 9.7e3 9720.0 9736.0 9760.0 9784.0 9800.0 9.81e3 9.82e3 ;
      -9.79e3 -9.78e3 -9760.0 -9736.0 -9720.0 -9.7e3 -9.67e3 -9640.0 -9.62e3 -9.58e3 -9.55e3 -9.5e3 -9464.0 -9416.0 -9.37e3 -9304.0 -9224.0 -9160.0 -9.07e3 -8960.0 -8.85e3 -8696.0 -8.54e3 -8.3e3 -8060.0 -7716.0 -7.25e3 -6556.0 -5.37e3 -3454.0 -114.9 3402.0 5396.0 6564.0 7212.0 7724.0 8040.0 8.31e3 8.53e3 8.7e3 8840.0 8.95e3 9064.0 9.15e3 9224.0 9.3e3 9360.0 9416.0 9464.0 9.5e3 9544.0 9.58e3 9.62e3 9.65e3 9.67e3 9.7e3 9720.0 9.74e3 9760.0 9.78e3 9.79e3 ;
      -9760.0 -9736.0 -9.71e3 -9.7e3 -9.67e3 -9.65e3 -9624.0 -9.58e3 -9560.0 -9520.0 -9.47e3 -9.43e3 -9384.0 -9.33e3 -9280.0 -9.21e3 -9.11e3 -9.02e3 -8.93e3 -8.82e3 -8680.0 -8.5e3 -8.34e3 -8080.0 -7776.0 -7.39e3 -6.87e3 -6.09e3 -4.87e3 -2876.0 50.97 2860.0 4.83e3 6120.0 6844.0 7344.0 7788.0 8068.0 8.31e3 8504.0 8.67e3 8.82e3 8936.0 9040.0 9120.0 9.19e3 9.26e3 9320.0 9.38e3 9.43e3 9480.0 9520.0 9.55e3 9.59e3 9.62e3 9.65e3 9.67e3 9.7e3 9720.0 9736.0 9.75e3 ;
      -9.71e3 -9.7e3 -9.66e3 -9.65e3 -9624.0 -9.59e3 -9560.0 -9.53e3 -9496.0 -9.45e3 -9400.0 -9.35e3 -9.3e3 -9.23e3 -9160.0 -9080.0 -9000.0 -8904.0 -8776.0 -8.65e3 -8.5e3 -8.31e3 -8100.0 -7820.0 -7500.0 -7052.0 -6416.0 -5640.0 -4384.0 -2516.0 112.1 2520.0 4268.0 5640.0 6476.0 7076.0 7.47e3 7836.0 8092.0 8.3e3 8.5e3 8.66e3 8.79e3 8904.0 9000.0 9.09e3 9.17e3 9.23e3 9.3e3 9.35e3 9400.0 9.45e3 9.49e3 9.53e3 9.57e3 9.59e3 9624.0 9.65e3 9.67e3 9.7e3 9720.0 ;
      -9.67e3 -9.65e3 -9624.0 -9600.0 -9560.0 -9.53e3 -9496.0 -9.46e3 -9.41e3 -9360.0 -9320.0 -9.26e3 -9200.0 -9.13e3 -9.05e3 -8.97e3 -8.86e3 -8760.0 -8640.0 -8.49e3 -8.3e3 -8084.0 -7.85e3 -7576.0 -7172.0 -6684.0 -6084.0 -5180.0 -3994.0 -2200.0 113.44 2132.0 3916.0 5236.0 6036.0 6668.0 7184.0 7532.0 7852.0 8108.0 8.3e3 8.49e3 8640.0 8.75e3 8.86e3 8.97e3 9040.0 9.13e3 9.19e3 9256.0 9.31e3 9.37e3 9416.0 9464.0 9496.0 9.53e3 9560.0 9.59e3 9.62e3 9.65e3 9.67e3 ;
      -9624.0 -9600.0 -9.57e3 -9.54e3 -9.51e3 -9464.0 -9.42e3 -9384.0 -9336.0 -9.3e3 -9224.0 -9160.0 -9.11e3 -9.03e3 -8.93e3 -8840.0 -8.74e3 -8600.0 -8456.0 -8.31e3 -8.11e3 -7880.0 -7.63e3 -7304.0 -6904.0 -6308.0 -5704.0 -4776.0 -3518.0 -1900.0 3.816 1921.0 3554.0 4.81e3 5676.0 6348.0 6876.0 7304.0 7616.0 7.89e3 8108.0 8.3e3 8.47e3 8600.0 8.73e3 8840.0 8.93e3 9016.0 9.11e3 9160.0 9.23e3 9.29e3 9336.0 9384.0 9.42e3 9.47e3 9.5e3 9544.0 9.57e3 9600.0 9624.0 ;
      -9576.0 -9544.0 -9520.0 -9480.0 -9440.0 -9.41e3 -9360.0 -9.31e3 -9256.0 -9200.0 -9144.0 -9064.0 -8.99e3 -8904.0 -8.81e3 -8.71e3 -8.58e3 -8456.0 -8280.0 -8.11e3 -7896.0 -7676.0 -7.35e3 -7020.0 -6556.0 -6016.0 -5300.0 -4428.0 -3198.0 -1639.0 9.305 1734.0 3236.0 4444.0 5296.0 6060.0 6584.0 7.01e3 7.37e3 7644.0 7896.0 8120.0 8280.0 8.45e3 8584.0 8.7e3 8.81e3 8.91e3 9000.0 9064.0 9.14e3 9.21e3 9256.0 9.31e3 9360.0 9.41e3 9440.0 9480.0 9.51e3 9.55e3 9.57e3 ;
      -9520.0 -9480.0 -9.46e3 -9.42e3 -9.38e3 -9.33e3 -9.27e3 -9.23e3 -9.17e3 -9.11e3 -9.05e3 -8960.0 -8.87e3 -8.79e3 -8.67e3 -8560.0 -8440.0 -8.3e3 -8108.0 -7936.0 -7704.0 -7.45e3 -7124.0 -6696.0 -6252.0 -5664.0 -4940.0 -4080.0 -2916.0 -1472.0 2.348 1461.0 2884.0 4064.0 4964.0 5.71e3 6276.0 6740.0 7.11e3 7412.0 7676.0 7.93e3 8124.0 8.27e3 8.43e3 8.57e3 8680.0 8.78e3 8.86e3 8.95e3 9.03e3 9.1e3 9176.0 9.23e3 9280.0 9.33e3 9.38e3 9416.0 9.46e3 9.49e3 9520.0 ;
      -9464.0 -9.42e3 -9.39e3 -9.34e3 -9304.0 -9.25e3 -9200.0 -9144.0 -9080.0 -9000.0 -8936.0 -8.85e3 -8760.0 -8.66e3 -8.54e3 -8424.0 -8280.0 -8100.0 -7924.0 -7720.0 -7480.0 -7176.0 -6860.0 -6456.0 -5944.0 -5.37e3 -4.63e3 -3792.0 -2650.0 -1376.0 -103.75 1460.0 2642.0 3776.0 4636.0 5340.0 5984.0 6460.0 6852.0 7188.0 7476.0 7732.0 7916.0 8.13e3 8.26e3 8.42e3 8.55e3 8.66e3 8760.0 8.85e3 8.93e3 9000.0 9.09e3 9144.0 9.21e3 9.25e3 9304.0 9.35e3 9384.0 9.42e3 9464.0 ;
      -9.39e3 -9360.0 -9320.0 -9280.0 -9224.0 -9160.0 -9.11e3 -9.05e3 -8.99e3 -8904.0 -8824.0 -8.73e3 -8640.0 -8520.0 -8400.0 -8.27e3 -8096.0 -7940.0 -7716.0 -7508.0 -7268.0 -6944.0 -6612.0 -6.15e3 -5680.0 -5084.0 -4.33e3 -3454.0 -2408.0 -1219.0 -21.22 1255.0 2418.0 3474.0 4344.0 5084.0 5656.0 6164.0 6.57e3 6948.0 7.27e3 7504.0 7744.0 7.91e3 8104.0 8264.0 8400.0 8520.0 8.63e3 8744.0 8824.0 8904.0 8984.0 9.06e3 9.11e3 9176.0 9224.0 9280.0 9.31e3 9.35e3 9400.0 ;
      -9.33e3 -9.3e3 -9.25e3 -9.19e3 -9.14e3 -9.09e3 -9.02e3 -8960.0 -8.87e3 -8.79e3 -8.71e3 -8616.0 -8.51e3 -8.38e3 -8.26e3 -8116.0 -7940.0 -7.77e3 -7.55e3 -7324.0 -7.05e3 -6724.0 -6340.0 -5908.0 -5384.0 -4816.0 -4042.0 -3224.0 -2212.0 -1160.0 -5.336 1190.0 2216.0 3204.0 4048.0 4764.0 5412.0 5900.0 6336.0 6.69e3 7024.0 7296.0 7544.0 7776.0 7936.0 8092.0 8.25e3 8.39e3 8504.0 8.61e3 8.71e3 8.79e3 8.89e3 8960.0 9016.0 9.09e3 9.14e3 9.19e3 9.25e3 9.29e3 9.34e3 ;
      -9.26e3 -9224.0 -9.17e3 -9.11e3 -9.06e3 -8.99e3 -8936.0 -8856.0 -8.77e3 -8680.0 -8584.0 -8504.0 -8.37e3 -8240.0 -8108.0 -7948.0 -7780.0 -7.59e3 -7348.0 -7096.0 -6824.0 -6436.0 -6092.0 -5640.0 -5132.0 -4548.0 -3788.0 -3016.0 -2070.0 -1017.5 -67.7 1075.0 2096.0 2986.0 3826.0 4504.0 5160.0 5696.0 6.09e3 6496.0 6796.0 7124.0 7336.0 7572.0 7.77e3 7948.0 8.11e3 8240.0 8.37e3 8.49e3 8600.0 8.69e3 8760.0 8.85e3 8.93e3 8.99e3 9064.0 9.11e3 9160.0 9.22e3 9.26e3 ;
      -9.19e3 -9.14e3 -9.09e3 -9.02e3 -8.98e3 -8904.0 -8824.0 -8.75e3 -8.67e3 -8.57e3 -8.46e3 -8360.0 -8.23e3 -8084.0 -7.95e3 -7788.0 -7.59e3 -7400.0 -7148.0 -6876.0 -6612.0 -6252.0 -5844.0 -5384.0 -4896.0 -4.27e3 -3568.0 -2796.0 -1947.0 -952.0 -57.34 966.5 1917.0 2848.0 3596.0 4260.0 4.89e3 5364.0 5844.0 6244.0 6600.0 6896.0 7136.0 7388.0 7.59e3 7772.0 7936.0 8096.0 8.23e3 8.37e3 8.47e3 8.57e3 8.67e3 8.75e3 8824.0 8904.0 8960.0 9.02e3 9096.0 9144.0 9.19e3 ;
      -9.13e3 -9064.0 -9.01e3 -8.94e3 -8880.0 -8.81e3 -8.74e3 -8.65e3 -8.55e3 -8456.0 -8.35e3 -8.22e3 -8100.0 -7948.0 -7.79e3 -7612.0 -7428.0 -7200.0 -6972.0 -6676.0 -6.37e3 -6016.0 -5644.0 -5136.0 -4624.0 -4016.0 -3360.0 -2666.0 -1813.0 -917.5 -25.53 932.0 1810.0 2624.0 3390.0 4032.0 4612.0 5160.0 5616.0 6.03e3 6348.0 6708.0 6984.0 7204.0 7424.0 7616.0 7796.0 7.95e3 8096.0 8.22e3 8.34e3 8.45e3 8.55e3 8.66e3 8.74e3 8.82e3 8.89e3 8.94e3 9.01e3 9064.0 9.11e3 ;
      -9040.0 -8.98e3 -8.93e3 -8.85e3 -8.78e3 -8.7e3 -8616.0 -8.53e3 -8424.0 -8.33e3 -8216.0 -8.09e3 -7.95e3 -7.79e3 -7.63e3 -7456.0 -7256.0 -7020.0 -6740.0 -6476.0 -6164.0 -5.77e3 -5428.0 -4972.0 -4384.0 -3822.0 -3134.0 -2484.0 -1662.0 -845.5 -5.758 884.0 1645.0 2446.0 3146.0 3850.0 4.43e3 4908.0 5376.0 5780.0 6.17e3 6.49e3 6756.0 7004.0 7240.0 7440.0 7628.0 7788.0 7940.0 8084.0 8216.0 8.34e3 8.43e3 8.54e3 8.62e3 8.7e3 8.78e3 8856.0 8.93e3 8984.0 9040.0 ;
      -8.97e3 -8904.0 -8.83e3 -8760.0 -8.69e3 -8.61e3 -8520.0 -8424.0 -8320.0 -8.21e3 -8080.0 -7960.0 -7.79e3 -7652.0 -7464.0 -7280.0 -7056.0 -6844.0 -6576.0 -6268.0 -5944.0 -5560.0 -5196.0 -4720.0 -4200.0 -3656.0 -2970.0 -2352.0 -1581.0 -789.5 -31.83 819.5 1553.0 2282.0 3010.0 3638.0 4220.0 4.69e3 5.15e3 5588.0 5976.0 6268.0 6576.0 6816.0 7064.0 7280.0 7.47e3 7640.0 7796.0 7944.0 8092.0 8.21e3 8.31e3 8.42e3 8520.0 8.61e3 8.69e3 8.77e3 8.83e3 8.89e3 8960.0 ;
      -8.87e3 -8.81e3 -8744.0 -8.66e3 -8584.0 -8.5e3 -8.41e3 -8296.0 -8188.0 -8080.0 -7948.0 -7804.0 -7.67e3 -7.47e3 -7308.0 -7104.0 -6896.0 -6644.0 -6.37e3 -6064.0 -5744.0 -5396.0 -4956.0 -4504.0 -4004.0 -3460.0 -2784.0 -2170.0 -1472.0 -731.5 11.26 771.0 1458.0 2176.0 2836.0 3484.0 3966.0 4.53e3 4980.0 5376.0 5748.0 6.09e3 6388.0 6644.0 6896.0 7104.0 7.33e3 7496.0 7652.0 7804.0 7944.0 8.07e3 8200.0 8.3e3 8400.0 8.5e3 8.58e3 8.66e3 8.75e3 8.82e3 8880.0 ;
      -8.78e3 -8720.0 -8.66e3 -8560.0 -8480.0 -8.39e3 -8.29e3 -8.19e3 -8.07e3 -7960.0 -7816.0 -7664.0 -7.51e3 -7332.0 -7156.0 -6936.0 -6704.0 -6.49e3 -6188.0 -5904.0 -5548.0 -5180.0 -4756.0 -4296.0 -3812.0 -3284.0 -2682.0 -2108.0 -1395.0 -719.0 5.75 700.0 1363.0 2060.0 2682.0 3260.0 3792.0 4296.0 4788.0 5200.0 5532.0 5896.0 6184.0 6476.0 6716.0 6936.0 7144.0 7.33e3 7520.0 7676.0 7800.0 7956.0 8.07e3 8180.0 8.29e3 8.39e3 8.49e3 8560.0 8.63e3 8.71e3 8.79e3 ;
      -8.7e3 -8.62e3 -8.55e3 -8.46e3 -8376.0 -8.29e3 -8172.0 -8064.0 -7956.0 -7828.0 -7668.0 -7524.0 -7.37e3 -7184.0 -7004.0 -6.79e3 -6536.0 -6.29e3 -5988.0 -5704.0 -5384.0 -4996.0 -4572.0 -4086.0 -3624.0 -3106.0 -2534.0 -1960.0 -1324.0 -684.5 -17.55 699.0 1318.0 1964.0 2534.0 3120.0 3658.0 4120.0 4580.0 5.01e3 5376.0 5720.0 5976.0 6304.0 6536.0 6784.0 6976.0 7.19e3 7360.0 7532.0 7680.0 7824.0 7936.0 8064.0 8180.0 8280.0 8.38e3 8.46e3 8.55e3 8616.0 8696.0 ;
      -8616.0 -8520.0 -8456.0 -8360.0 -8.27e3 -8164.0 -8052.0 -7940.0 -7824.0 -7680.0 -7540.0 -7.39e3 -7220.0 -7.03e3 -6844.0 -6612.0 -6388.0 -6104.0 -5.81e3 -5.51e3 -5164.0 -4788.0 -4412.0 -3972.0 -3466.0 -2930.0 -2420.0 -1891.0 -1273.0 -604.5 -7.965 659.0 1242.0 1854.0 2450.0 2964.0 3492.0 3956.0 4436.0 4.79e3 5.17e3 5532.0 5812.0 6108.0 6376.0 6.61e3 6816.0 7036.0 7224.0 7380.0 7544.0 7680.0 7804.0 7936.0 8.07e3 8156.0 8264.0 8360.0 8.45e3 8.53e3 8.61e3 ;
      -8520.0 -8440.0 -8360.0 -8264.0 -8.17e3 -8056.0 -7944.0 -7.83e3 -7696.0 -7560.0 -7.41e3 -7252.0 -7076.0 -6864.0 -6680.0 -6440.0 -6228.0 -5964.0 -5656.0 -5344.0 -4980.0 -4644.0 -4240.0 -3822.0 -3358.0 -2862.0 -2328.0 -1745.0 -1211.0 -609.0 -41.47 599.0 1208.0 1778.0 2334.0 2862.0 3350.0 3776.0 4244.0 4624.0 4984.0 5344.0 5668.0 5956.0 6.21e3 6460.0 6668.0 6880.0 7084.0 7.25e3 7424.0 7556.0 7696.0 7840.0 7940.0 8060.0 8160.0 8.26e3 8.35e3 8440.0 8.51e3 ;
      -8424.0 -8.34e3 -8240.0 -8144.0 -8.05e3 -7940.0 -7828.0 -7696.0 -7560.0 -7420.0 -7276.0 -7100.0 -6908.0 -6736.0 -6508.0 -6300.0 -6028.0 -5.79e3 -5468.0 -5188.0 -4812.0 -4516.0 -4076.0 -3678.0 -3230.0 -2726.0 -2208.0 -1696.0 -1124.0 -572.0 19.47 543.0 1143.0 1688.0 2232.0 2724.0 3218.0 3654.0 4074.0 4.47e3 4820.0 5184.0 5496.0 5780.0 6.03e3 6292.0 6.53e3 6736.0 6916.0 7100.0 7.27e3 7428.0 7584.0 7704.0 7820.0 7936.0 8.05e3 8.15e3 8.25e3 8.34e3 8.42e3 ;
      -8320.0 -8.23e3 -8144.0 -8036.0 -7940.0 -7824.0 -7.71e3 -7576.0 -7440.0 -7296.0 -7124.0 -6.97e3 -6784.0 -6576.0 -6336.0 -6092.0 -5896.0 -5.63e3 -5300.0 -5004.0 -4696.0 -4292.0 -3956.0 -3506.0 -3062.0 -2630.0 -2128.0 -1626.0 -1075.0 -558.0 5.996 543.0 1071.0 1629.0 2154.0 2594.0 3068.0 3542.0 3924.0 4296.0 4676.0 4996.0 5.33e3 5612.0 5868.0 6.13e3 6372.0 6560.0 6764.0 6956.0 7124.0 7284.0 7420.0 7580.0 7704.0 7.83e3 7936.0 8024.0 8140.0 8.23e3 8320.0 ;
      -8.23e3 -8.13e3 -8044.0 -7936.0 -7824.0 -7704.0 -7572.0 -7452.0 -7.31e3 -7160.0 -7004.0 -6812.0 -6636.0 -6420.0 -6212.0 -5988.0 -5.71e3 -5.43e3 -5160.0 -4860.0 -4.53e3 -4132.0 -3778.0 -3364.0 -2960.0 -2478.0 -2052.0 -1552.0 -1040.0 -525.0 -5.793 534.5 1032.0 1503.0 2008.0 2456.0 2954.0 3400.0 3772.0 4.17e3 4508.0 4864.0 5.15e3 5456.0 5744.0 5976.0 6.21e3 6420.0 6.61e3 6812.0 6988.0 7160.0 7296.0 7464.0 7584.0 7.71e3 7840.0 7940.0 8028.0 8132.0 8.23e3 ;
      -8120.0 -8036.0 -7924.0 -7820.0 -7708.0 -7604.0 -7460.0 -7340.0 -7188.0 -7.03e3 -6868.0 -6684.0 -6.49e3 -6284.0 -6068.0 -5.81e3 -5.59e3 -5300.0 -5024.0 -4716.0 -4384.0 -4032.0 -3646.0 -3288.0 -2848.0 -2384.0 -1944.0 -1490.0 -989.5 -477.2 18.61 524.0 1030.0 1492.0 1955.0 2386.0 2862.0 3290.0 3662.0 4036.0 4376.0 4.71e3 5016.0 5316.0 5.57e3 5824.0 6076.0 6.27e3 6508.0 6.69e3 6864.0 7028.0 7176.0 7316.0 7456.0 7596.0 7716.0 7836.0 7932.0 8024.0 8132.0 ;
      -8024.0 -7940.0 -7828.0 -7720.0 -7600.0 -7484.0 -7348.0 -7196.0 -7060.0 -6900.0 -6724.0 -6540.0 -6356.0 -6160.0 -5916.0 -5.69e3 -5440.0 -5176.0 -4868.0 -4540.0 -4228.0 -3888.0 -3546.0 -3154.0 -2710.0 -2330.0 -1871.0 -1428.0 -968.0 -456.2 -16.94 480.0 960.5 1406.0 1844.0 2306.0 2730.0 3144.0 3536.0 3904.0 4.25e3 4576.0 4864.0 5156.0 5428.0 5676.0 5936.0 6144.0 6348.0 6536.0 6.71e3 6900.0 7064.0 7196.0 7348.0 7480.0 7604.0 7720.0 7828.0 7.93e3 8.03e3 ;
      -7.93e3 -7828.0 -7716.0 -7600.0 -7492.0 -7360.0 -7.23e3 -7064.0 -6916.0 -6772.0 -6584.0 -6400.0 -6216.0 -5984.0 -5.79e3 -5.55e3 -5284.0 -5024.0 -4724.0 -4404.0 -4088.0 -3784.0 -3424.0 -3056.0 -2620.0 -2238.0 -1786.0 -1379.0 -918.0 -428.8 -1.544 447.2 924.5 1352.0 1821.0 2228.0 2634.0 3036.0 3426.0 3744.0 4116.0 4424.0 4716.0 5.05e3 5284.0 5.55e3 5.77e3 6012.0 6216.0 6.41e3 6572.0 6.77e3 6924.0 7.07e3 7220.0 7356.0 7492.0 7616.0 7724.0 7820.0 7932.0 ;
      -7.83e3 -7716.0 -7.61e3 -7504.0 -7380.0 -7244.0 -7096.0 -6960.0 -6788.0 -6.63e3 -6460.0 -6256.0 -6084.0 -5828.0 -5628.0 -5396.0 -5136.0 -4868.0 -4.59e3 -4284.0 -3976.0 -3662.0 -3292.0 -2912.0 -2532.0 -2158.0 -1712.0 -1288.0 -862.5 -428.0 -8.555 452.0 878.5 1326.0 1731.0 2120.0 2544.0 2920.0 3272.0 3618.0 3976.0 4296.0 4.59e3 4868.0 5156.0 5400.0 5656.0 5864.0 6.07e3 6264.0 6464.0 6.63e3 6804.0 6972.0 7104.0 7228.0 7376.0 7.51e3 7604.0 7692.0 7820.0 ;
      -7716.0 -7620.0 -7508.0 -7400.0 -7264.0 -7132.0 -6988.0 -6852.0 -6680.0 -6.53e3 -6332.0 -6156.0 -5944.0 -5.71e3 -5496.0 -5260.0 -5020.0 -4764.0 -4480.0 -4160.0 -3862.0 -3520.0 -3172.0 -2826.0 -2438.0 -2090.0 -1657.0 -1229.0 -828.0 -432.0 17.95 424.0 835.5 1270.0 1687.0 2084.0 2454.0 2810.0 3196.0 3528.0 3860.0 4164.0 4456.0 4.75e3 5016.0 5284.0 5.53e3 5744.0 5964.0 6148.0 6332.0 6504.0 6668.0 6816.0 6980.0 7120.0 7260.0 7396.0 7.51e3 7624.0 7716.0 ;
      -7628.0 -7516.0 -7400.0 -7280.0 -7.15e3 -7004.0 -6864.0 -6720.0 -6556.0 -6376.0 -6.21e3 -6012.0 -5816.0 -5596.0 -5372.0 -5.15e3 -4.89e3 -4620.0 -4340.0 -4052.0 -3762.0 -3440.0 -3080.0 -2740.0 -2366.0 -1998.0 -1606.0 -1211.0 -792.0 -413.5 1.462 415.2 796.0 1191.0 1591.0 2003.0 2368.0 2728.0 3090.0 3430.0 3746.0 4062.0 4336.0 4620.0 4884.0 5116.0 5376.0 5.59e3 5.81e3 6012.0 6204.0 6388.0 6560.0 6708.0 6852.0 7020.0 7140.0 7264.0 7.39e3 7520.0 7604.0 ;
      -7516.0 -7412.0 -7292.0 -7176.0 -7.03e3 -6892.0 -6736.0 -6588.0 -6428.0 -6260.0 -6084.0 -5880.0 -5696.0 -5.47e3 -5256.0 -5012.0 -4764.0 -4508.0 -4228.0 -3958.0 -3622.0 -3322.0 -3006.0 -2628.0 -2294.0 -1904.0 -1584.0 -1161.0 -781.0 -382.2 1.964 402.0 797.0 1177.0 1553.0 1923.0 2290.0 2634.0 2996.0 3308.0 3624.0 3934.0 4224.0 4.49e3 4760.0 5000.0 5228.0 5480.0 5692.0 5880.0 6092.0 6260.0 6428.0 6596.0 6756.0 6880.0 7028.0 7156.0 7304.0 7.39e3 7516.0 ;
      -7420.0 -7304.0 -7172.0 -7068.0 -6932.0 -6788.0 -6636.0 -6.47e3 -6316.0 -6132.0 -5.95e3 -5764.0 -5580.0 -5348.0 -5140.0 -4896.0 -4656.0 -4388.0 -4116.0 -3814.0 -3516.0 -3228.0 -2900.0 -2562.0 -2222.0 -1862.0 -1503.0 -1130.0 -778.0 -402.5 -21.02 366.8 756.5 1151.0 1515.0 1860.0 2232.0 2554.0 2876.0 3222.0 3520.0 3842.0 4120.0 4384.0 4640.0 4.89e3 5136.0 5364.0 5572.0 5756.0 5948.0 6148.0 6320.0 6484.0 6640.0 6784.0 6932.0 7052.0 7172.0 7316.0 7428.0 ;
      -7.33e3 -7200.0 -7084.0 -6956.0 -6824.0 -6.67e3 -6516.0 -6376.0 -6204.0 -6056.0 -5.85e3 -5636.0 -5436.0 -5.25e3 -4.99e3 -4776.0 -4.53e3 -4.29e3 -4008.0 -3726.0 -3432.0 -3120.0 -2808.0 -2492.0 -2152.0 -1831.0 -1452.0 -1068.0 -749.5 -367.5 13.13 366.5 727.5 1106.0 1458.0 1823.0 2146.0 2484.0 2798.0 3112.0 3442.0 3736.0 4002.0 4264.0 4532.0 4788.0 5.01e3 5236.0 5456.0 5644.0 5860.0 6024.0 6212.0 6344.0 6520.0 6684.0 6828.0 6.95e3 7092.0 7.19e3 7.33e3 ;
      -7216.0 -7092.0 -6.97e3 -6860.0 -6700.0 -6544.0 -6420.0 -6236.0 -6080.0 -5916.0 -5.73e3 -5540.0 -5.35e3 -5136.0 -4880.0 -4664.0 -4.43e3 -4180.0 -3912.0 -3608.0 -3330.0 -3026.0 -2730.0 -2414.0 -2090.0 -1771.0 -1409.0 -1066.0 -717.5 -347.5 -27.22 337.2 712.0 1060.0 1388.0 1740.0 2114.0 2434.0 2744.0 3052.0 3322.0 3624.0 3890.0 4184.0 4.41e3 4640.0 4896.0 5.11e3 5.31e3 5548.0 5724.0 5920.0 6.07e3 6.25e3 6416.0 6572.0 6704.0 6.85e3 6964.0 7096.0 7216.0 ;
      -7116.0 -6988.0 -6864.0 -6736.0 -6604.0 -6444.0 -6.29e3 -6140.0 -5948.0 -5.79e3 -5624.0 -5412.0 -5.23e3 -5024.0 -4764.0 -4556.0 -4292.0 -4074.0 -3784.0 -3512.0 -3236.0 -2960.0 -2642.0 -2346.0 -2033.0 -1713.0 -1367.0 -1048.0 -695.0 -359.0 -21.4 329.0 689.5 1035.0 1382.0 1701.0 2047.0 2340.0 2626.0 2950.0 3270.0 3516.0 3790.0 4044.0 4304.0 4572.0 4788.0 5.01e3 5224.0 5420.0 5612.0 5796.0 5964.0 6140.0 6292.0 6.45e3 6.59e3 6732.0 6.87e3 6980.0 7.13e3 ;
      -7016.0 -6884.0 -6.77e3 -6620.0 -6496.0 -6.33e3 -6200.0 -6040.0 -5856.0 -5684.0 -5492.0 -5320.0 -5120.0 -4868.0 -4692.0 -4.45e3 -4.19e3 -3974.0 -3690.0 -3446.0 -3160.0 -2868.0 -2586.0 -2282.0 -1959.0 -1659.0 -1295.0 -999.5 -681.5 -333.8 1.947 358.0 693.0 1009.5 1329.0 1631.0 1964.0 2286.0 2584.0 2868.0 3144.0 3438.0 3692.0 3984.0 4.21e3 4456.0 4704.0 4892.0 5.13e3 5308.0 5500.0 5700.0 5876.0 6.05e3 6184.0 6340.0 6.49e3 6636.0 6764.0 6876.0 7000.0 ;
      -6924.0 -6796.0 -6676.0 -6520.0 -6.39e3 -6252.0 -6084.0 -5924.0 -5.77e3 -5572.0 -5388.0 -5188.0 -5012.0 -4.79e3 -4556.0 -4332.0 -4120.0 -3828.0 -3594.0 -3336.0 -3086.0 -2816.0 -2508.0 -2216.0 -1915.0 -1621.0 -1320.0 -953.0 -651.5 -325.2 10.375 330.8 646.5 983.5 1276.0 1610.0 1908.0 2220.0 2498.0 2810.0 3062.0 3334.0 3616.0 3886.0 4094.0 4360.0 4588.0 4776.0 4996.0 5200.0 5.41e3 5580.0 5.75e3 5.93e3 6.09e3 6236.0 6376.0 6520.0 6664.0 6800.0 6916.0 ;
      -6824.0 -6696.0 -6.55e3 -6416.0 -6.29e3 -6132.0 -5980.0 -5812.0 -5.63e3 -5480.0 -5292.0 -5080.0 -4896.0 -4684.0 -4484.0 -4268.0 -4008.0 -3758.0 -3526.0 -3280.0 -2984.0 -2710.0 -2438.0 -2138.0 -1855.0 -1520.0 -1278.0 -946.5 -631.5 -307.0 -26.75 307.8 639.0 939.5 1251.0 1541.0 1847.0 2150.0 2452.0 2718.0 2988.0 3280.0 3536.0 3768.0 4004.0 4240.0 4.47e3 4676.0 4900.0 5.09e3 5304.0 5468.0 5656.0 5816.0 5976.0 6124.0 6296.0 6424.0 6560.0 6.69e3 6828.0 ;
      -6.73e3 -6604.0 -6456.0 -6.33e3 -6160.0 -6.03e3 -5856.0 -5700.0 -5540.0 -5364.0 -5180.0 -4996.0 -4796.0 -4576.0 -4372.0 -4148.0 -3926.0 -3684.0 -3434.0 -3178.0 -2920.0 -2666.0 -2366.0 -2076.0 -1795.0 -1523.0 -1224.0 -919.5 -614.0 -300.8 -4.438 318.5 605.0 926.5 1224.0 1495.0 1797.0 2080.0 2380.0 2664.0 2926.0 3166.0 3444.0 3686.0 3930.0 4.15e3 4388.0 4580.0 4788.0 4988.0 5.17e3 5376.0 5544.0 5704.0 5868.0 6.03e3 6196.0 6.33e3 6460.0 6588.0 6.71e3 ;
      -6628.0 -6.49e3 -6364.0 -6216.0 -6092.0 -5.93e3 -5776.0 -5.61e3 -5428.0 -5284.0 -5.09e3 -4908.0 -4708.0 -4500.0 -4304.0 -4080.0 -3826.0 -3610.0 -3354.0 -3120.0 -2856.0 -2592.0 -2326.0 -2052.0 -1782.0 -1480.0 -1186.0 -901.0 -604.5 -326.5 -2.75 289.5 585.5 904.0 1166.0 1476.0 1732.0 2054.0 2294.0 2592.0 2864.0 3090.0 3350.0 3598.0 3830.0 4048.0 4284.0 4496.0 4720.0 4900.0 5096.0 5.27e3 5.45e3 5620.0 5780.0 5924.0 6100.0 6236.0 6372.0 6.49e3 6628.0 ;
      -6532.0 -6396.0 -6276.0 -6136.0 -5.99e3 -5828.0 -5.69e3 -5516.0 -5360.0 -5.17e3 -5004.0 -4800.0 -4620.0 -4384.0 -4.19e3 -3966.0 -3748.0 -3518.0 -3274.0 -3044.0 -2802.0 -2528.0 -2248.0 -1996.0 -1706.0 -1449.0 -1145.0 -867.0 -576.5 -284.8 -10.57 273.2 569.0 851.0 1140.0 1428.0 1700.0 1991.0 2282.0 2514.0 2774.0 3060.0 3276.0 3526.0 3766.0 3952.0 4200.0 4376.0 4624.0 4804.0 4988.0 5.17e3 5336.0 5532.0 5.69e3 5840.0 5988.0 6120.0 6264.0 6400.0 6544.0 ;
      -6436.0 -6.31e3 -6188.0 -6.03e3 -5892.0 -5724.0 -5.57e3 -5.43e3 -5268.0 -5.07e3 -4880.0 -4692.0 -4520.0 -4.33e3 -4.11e3 -3900.0 -3662.0 -3414.0 -3202.0 -2954.0 -2714.0 -2450.0 -2200.0 -1908.0 -1685.0 -1390.0 -1101.0 -833.5 -588.5 -264.0 8.6 291.2 550.5 836.5 1126.0 1405.0 1667.0 1953.0 2210.0 2450.0 2712.0 2960.0 3190.0 3454.0 3624.0 3884.0 4092.0 4300.0 4508.0 4680.0 4864.0 5064.0 5252.0 5424.0 5588.0 5740.0 5896.0 6036.0 6160.0 6292.0 6436.0 ;
      -6336.0 -6.21e3 -6.09e3 -5.93e3 -5780.0 -5636.0 -5480.0 -5332.0 -5160.0 -4980.0 -4820.0 -4604.0 -4444.0 -4212.0 -4006.0 -3810.0 -3566.0 -3352.0 -3128.0 -2884.0 -2648.0 -2402.0 -2160.0 -1885.0 -1630.0 -1367.0 -1095.0 -825.5 -540.0 -253.5 -7.285 279.2 545.5 830.0 1069.0 1342.0 1630.0 1905.0 2132.0 2384.0 2632.0 2904.0 3132.0 3366.0 3582.0 3810.0 4028.0 4220.0 4440.0 4.61e3 4772.0 5000.0 5164.0 5324.0 5.49e3 5624.0 5796.0 5936.0 6076.0 6200.0 6.35e3 ;
      -6256.0 -6116.0 -5988.0 -5844.0 -5708.0 -5544.0 -5396.0 -5220.0 -5056.0 -4896.0 -4716.0 -4.53e3 -4340.0 -4.13e3 -3934.0 -3716.0 -3478.0 -3292.0 -3048.0 -2828.0 -2590.0 -2322.0 -2102.0 -1851.0 -1575.0 -1329.0 -1069.0 -793.5 -564.0 -274.0 24.39 276.8 535.5 787.0 1097.0 1346.0 1605.0 1841.0 2088.0 2346.0 2590.0 2824.0 3066.0 3308.0 3508.0 3732.0 3920.0 4124.0 4332.0 4524.0 4716.0 4884.0 5076.0 5236.0 5380.0 5560.0 5720.0 5856.0 5996.0 6132.0 6236.0 ;
      -6176.0 -6.03e3 -5904.0 -5760.0 -5612.0 -5468.0 -5296.0 -5.15e3 -4960.0 -4804.0 -4616.0 -4444.0 -4244.0 -4040.0 -3842.0 -3652.0 -3436.0 -3228.0 -2996.0 -2756.0 -2540.0 -2272.0 -2048.0 -1811.0 -1556.0 -1288.0 -1034.0 -795.5 -514.5 -272.5 -2.145 288.8 531.0 792.0 1062.0 1283.0 1576.0 1796.0 2054.0 2284.0 2546.0 2794.0 2966.0 3216.0 3436.0 3648.0 3840.0 4042.0 4244.0 4.45e3 4624.0 4.79e3 4988.0 5156.0 5316.0 5456.0 5580.0 5776.0 5.91e3 6052.0 6184.0 ;
      -6064.0 -5936.0 -5812.0 -5668.0 -5540.0 -5.39e3 -5220.0 -5.05e3 -4900.0 -4724.0 -4544.0 -4.35e3 -4172.0 -3980.0 -3762.0 -3552.0 -3384.0 -3152.0 -2946.0 -2714.0 -2470.0 -2226.0 -2012.0 -1746.0 -1517.0 -1265.0 -1032.0 -749.0 -508.5 -260.5 -14.6 251.0 505.0 769.0 1033.0 1256.0 1527.0 1759.0 2008.0 2244.0 2458.0 2708.0 2930.0 3154.0 3384.0 3578.0 3788.0 3984.0 4180.0 4348.0 4536.0 4.73e3 4908.0 5084.0 5212.0 5372.0 5536.0 5.67e3 5.81e3 5960.0 6100.0 ;
      -6000.0 -5864.0 -5.73e3 -5.57e3 -5436.0 -5296.0 -5132.0 -4.97e3 -4796.0 -4636.0 -4452.0 -4276.0 -4104.0 -3896.0 -3698.0 -3510.0 -3280.0 -3074.0 -2860.0 -2640.0 -2424.0 -2196.0 -1960.0 -1715.0 -1490.0 -1258.0 -1005.5 -754.5 -509.0 -253.8 -19.95 271.5 497.2 747.5 1012.0 1227.0 1466.0 1728.0 1957.0 2192.0 2436.0 2638.0 2876.0 3098.0 3296.0 3536.0 3724.0 3896.0 4090.0 4284.0 4440.0 4644.0 4.81e3 4988.0 5.13e3 5296.0 5444.0 5588.0 5732.0 5864.0 5988.0 ;
      -5908.0 -5.77e3 -5620.0 -5480.0 -5.37e3 -5200.0 -5044.0 -4880.0 -4724.0 -4572.0 -4384.0 -4196.0 -4002.0 -3808.0 -3630.0 -3426.0 -3216.0 -3018.0 -2790.0 -2578.0 -2364.0 -2148.0 -1907.0 -1650.0 -1445.0 -1208.0 -953.0 -716.5 -462.2 -229.1 1.966 236.5 478.5 720.5 988.5 1212.0 1450.0 1658.0 1916.0 2140.0 2360.0 2590.0 2794.0 3008.0 3232.0 3440.0 3636.0 3816.0 4024.0 4.19e3 4364.0 4548.0 4732.0 4876.0 5.05e3 5204.0 5360.0 5484.0 5628.0 5788.0 5908.0 ;
      -5816.0 -5.69e3 -5.55e3 -5416.0 -5260.0 -5104.0 -4960.0 -4816.0 -4640.0 -4.49e3 -4292.0 -4120.0 -3928.0 -3766.0 -3574.0 -3368.0 -3166.0 -2948.0 -2760.0 -2534.0 -2320.0 -2104.0 -1909.0 -1650.0 -1418.0 -1182.0 -949.0 -699.5 -482.2 -232.9 2.2 232.6 499.8 708.5 949.0 1168.0 1424.0 1662.0 1867.0 2076.0 2306.0 2534.0 2732.0 2978.0 3156.0 3354.0 3540.0 3778.0 3950.0 4108.0 4304.0 4464.0 4644.0 4812.0 4940.0 5.11e3 5252.0 5420.0 5.55e3 5.69e3 5816.0 ;
      -5744.0 -5.59e3 -5476.0 -5.33e3 -5180.0 -5.03e3 -4.89e3 -4.73e3 -4.55e3 -4380.0 -4224.0 -4036.0 -3852.0 -3678.0 -3494.0 -3306.0 -3092.0 -2888.0 -2678.0 -2492.0 -2256.0 -2047.0 -1824.0 -1625.0 -1402.0 -1152.0 -926.0 -727.5 -461.5 -226.2 -16.48 237.8 468.2 707.5 939.5 1159.0 1383.0 1612.0 1806.0 2066.0 2256.0 2482.0 2672.0 2884.0 3092.0 3298.0 3504.0 3688.0 3874.0 4036.0 4212.0 4388.0 4556.0 4704.0 4.87e3 5040.0 5172.0 5332.0 5460.0 5596.0 5736.0 ;
      -5644.0 -5508.0 -5400.0 -5.25e3 -5100.0 -4960.0 -4800.0 -4644.0 -4496.0 -4.33e3 -4164.0 -3972.0 -3786.0 -3626.0 -3422.0 -3236.0 -3038.0 -2860.0 -2646.0 -2424.0 -2224.0 -2011.0 -1810.0 -1576.0 -1353.0 -1128.0 -892.0 -679.0 -422.5 -213.5 -2.756 215.8 449.0 688.5 914.5 1139.0 1354.0 1595.0 1801.0 1993.0 2230.0 2420.0 2640.0 2852.0 3036.0 3240.0 3428.0 3606.0 3804.0 3972.0 4136.0 4332.0 4476.0 4644.0 4800.0 4.95e3 5096.0 5252.0 5412.0 5.53e3 5.65e3 ;
      -5576.0 -5436.0 -5308.0 -5.17e3 -5028.0 -4900.0 -4724.0 -4564.0 -4420.0 -4252.0 -4094.0 -3896.0 -3718.0 -3566.0 -3358.0 -3174.0 -2992.0 -2780.0 -2602.0 -2390.0 -2174.0 -1989.0 -1768.0 -1539.0 -1324.0 -1121.0 -872.5 -650.5 -442.8 -222.9 2.514 210.5 452.8 669.0 889.5 1106.0 1324.0 1548.0 1771.0 1977.0 2176.0 2392.0 2574.0 2794.0 2974.0 3194.0 3372.0 3554.0 3728.0 3904.0 4074.0 4244.0 4428.0 4.57e3 4740.0 4868.0 5036.0 5184.0 5316.0 5456.0 5580.0 ]
fig_handle = Plots.surface(X,Y,Z')
Plots.savefig(fig_handle,"PICTURE_ising.png")

println("Plot Complete!")

#============================================
